10000
22294783
99047717
59208299
67280207
33901585
73181838
21065804
74065419
9196134
97439947
52453790
86045895
56353133
77373373
47617422
3525803
30961756
68928908
55766776
56123782
26648189
70406738
9993711
55113337
38798579
25955747
69165660
92647367
49740427
16972700
44842724
87079448
34003288
53569708
70343570
83597784
98972313
13377987
13864903
2629545
67530408
87355078
94436524
11044025
33001251
93826724
3798500
67619848
62016898
76377512
52490010
20563247
97369208
3786330
84278782
77200320
37788532
31927798
23974010
23189793
88149283
98925510
21480443
75190554
27673581
44649909
25938887
7215871
60495359
74339404
44138983
40978023
5121470
73066496
44006494
85612048
78341749
46024152
91746614
46201922
99709520
39903823
18069578
84333334
50409590
78424540
68107786
34729070
86793614
25783479
54244658
40360064
90076756
61495840
75075343
85933614
17233539
47567140
64869765
37168346
51235826
91772477
20780239
41313106
61409378
15986571
23296772
45302472
41176582
89276256
66150583
33042698
25652098
73198979
24261729
65358050
6878221
77022328
8057357
2486708
91397574
43576720
75048883
19266738
88084486
19981571
87332895
65813066
7869607
28626655
42280675
90346307
29893983
34623304
3871376
14979239
6806761
22684163
18663762
72773811
4222555
51659434
64352811
80554099
74704019
50480041
49763843
93067740
88646841
82142256
7049831
31307578
15406272
6406283
3414889
72071854
38673868
10436951
39650291
2589021
29873110
79301643
16234134
80189867
39345665
46991395
95087040
49646012
36132697
66860114
74495873
30327581
51214282
50216084
2963731
14320774
69978064
71686028
69833179
81448472
72626279
99955249
93033804
65906745
55583091
41769681
87027112
61767147
48841097
95741220
31017215
78624821
15315695
21109985
5383860
34415869
33369764
95805525
2514345
41719847
28547070
35366581
60288293
31923072
2491444
75503144
62761244
28756831
2779742
14148526
89783585
43112776
30866178
12396302
90247676
67394329
20887387
65148928
95464162
41780641
96120085
13057881
60589121
84300857
8985084
3634261
30685357
43503393
2132704
3755532
99009695
23155571
74842281
8447068
60154655
13998261
8636585
3930662
85599597
49299240
50748811
70004542
25750210
55204493
54283439
62376738
66620825
45835091
90201897
98333787
30052018
54773563
64822846
15935947
90634288
81893572
60913963
2326268
29077879
37342404
29972069
49666256
63467839
18970495
33521166
40555733
5838136
46510746
9836564
93981243
93695905
78203158
52224002
25327977
88581543
22827718
80579946
51700249
40052303
98550766
45840624
36164422
9354840
80903537
41185909
63640439
41114027
87777866
23801687
33233460
41333721
69953372
73861546
73068751
63062736
21314649
21701333
69095811
70776529
52827468
79717941
25525744
22920559
40410822
723690
5250403
65548685
67949303
24469335
89142871
73462358
53366437
29372375
38315119
83976801
47601621
12655462
22156
23152611
47092800
63803796
2889378
38511288
13553045
93806984
39246097
20936599
6488024
58106956
98998397
37877388
73997395
71798119
59640155
30070375
5744949
99978236
53549334
40887882
14678786
99776543
58237453
73904391
92624590
82018018
74305394
5990076
12017963
46336712
2994780
51553367
68706626
82106558
60107177
29493647
88026642
40675741
19384977
18221419
91818532
43299131
74096866
49678110
18100862
11278204
42251998
7231787
6567856
56923574
77535998
56477087
28853840
22837487
50445251
98756906
82128993
44519882
77780940
32889117
21633931
53897118
110909
32728003
24097564
99319327
91006388
86490410
7891251
79147235
99191457
43879878
14803640
18583570
37608912
792945
69467641
27029840
69416487
65677127
38121861
80482683
47498850
31993927
77654159
96997664
2651217
59672430
82850714
50873327
50228447
13875326
48439232
3542198
70136919
53528405
93030024
22898825
69044550
5106800
95705830
41686383
95649005
85688427
26902495
43443294
77890192
87836372
67881401
36227485
92656267
45804049
26256650
61396850
95417766
9271195
14029545
38169972
35942295
61225003
59715283
32320106
83477233
71986583
80953863
82671341
93776912
26310696
80308931
18662503
35997085
90709063
7464291
43003605
33551725
5597039
97420337
29362663
84270919
80683016
62869864
75941607
71601114
68226635
59889061
39300005
42864570
1430556
15509640
75654998
45352901
36197197
73316356
98265634
76290735
64450283
91220875
87204663
14833410
15242275
34059173
81813565
87075096
22930314
64444001
54617976
96290392
84609403
83127555
51662714
19133234
44776525
17872331
5447447
35804560
20073755
37927184
51956165
85015924
1831746
48749501
1155138
91746033
60722003
8087798
59651684
22591753
36416182
79451641
13910738
95189945
42863436
15036553
74743187
91393770
97369474
29018152
92812883
72012185
7893755
88709566
46272409
15896045
437656
96403026
86468020
66007625
96455094
52971356
17498783
69624428
35469334
61234983
70783159
52662369
30067535
33272778
8869575
95469822
98136577
61814942
24860022
75466297
11399142
63757168
31820585
32740772
52887645
87401069
6661521
89021088
1657179
9671658
23357860
30940632
69024346
37334016
91745883
23827482
40734876
41230234
61980018
94693258
57397244
21671122
75508077
63881235
66583037
15504384
73364126
50854380
90014037
79728980
44028657
21004744
45036791
19610690
47913669
92413563
86571216
20891214
56135923
38882929
30204291
41177921
75423788
22660436
4699884
69436172
98117146
94192403
62235130
15311227
14456195
34050248
65229869
40935761
28251327
54388078
69209954
2613935
54740113
20208279
30339546
12407111
97708575
41202477
82656655
85746904
11851995
73370045
2346381
45853751
6559097
40615458
4961577
94350151
85627777
37002998
14147218
68013674
64189855
945176
59035853
3505900
58888708
90063381
81825105
75945744
24711009
77633087
78142341
31229750
12253645
65557646
29047807
60543015
15756583
81964368
66033985
88170809
8827504
14769325
65484925
55905396
7901077
61173922
79374336
73516543
46163364
37383110
32725166
10520465
27974864
80466950
22281199
12148039
82984610
93670616
2396910
53537520
55000577
67602356
72271727
513704
62602555
10817787
14970137
17650498
23695934
52125542
89266010
71184230
2383514
45664477
52414424
30868036
96664807
65195811
2306647
2451243
7995603
7462210
74799971
52407869
25291217
4809286
52085305
37243130
13182121
407914
12519177
85410659
39113780
4000814
59883703
43168162
72263932
17022012
98443358
28339999
92289992
50638351
71063554
29566314
4835950
82723030
34099079
29665306
74727211
51531882
56853915
66972997
7079692
75860668
89691806
32043656
15710201
67971616
38157264
8500188
11065468
4982792
13941773
2278483
89322581
15174869
92017506
31175998
3121379
8302450
41348080
46371065
97407931
52308130
11673834
25383457
37926024
15118712
32275093
68148716
72509011
85065980
24630980
98699313
75873959
1406364
24295804
85884439
15602898
51350238
70307982
93289949
81911515
11322525
41266356
63242255
42476034
13347095
24171315
13925143
40595308
47630929
46068439
44331155
79385205
91307532
62737820
48374423
86725474
92386886
65357598
74626499
2922265
80026153
18130966
99872349
34851951
71738548
16799854
98353902
57719519
50164323
7099277
24953475
62032193
16275385
65546974
12437239
86564912
59702998
65241180
7819272
52952811
50298174
1881845
19522189
95324306
42302735
60112941
53340650
88051696
57621698
9353955
93925834
30074389
9486469
78183239
98474422
78824682
5636889
58919724
30637932
83048354
54924440
18989257
57786476
28747720
71991161
48200981
1540191
41669102
24638046
9582180
87045579
60269106
92604968
91953318
66842663
30678259
1946144
55777489
86184626
79094573
54770271
63408475
32231029
4176930
66755713
15195989
5356483
3200985
46396449
73150256
52678422
26475116
5073928
66172903
69162037
9119423
22385132
34753095
34748751
32262901
15629382
86038020
56702707
31314551
42353769
43793840
3388361
11597876
87031345
72074635
88003693
22136261
97743617
45775831
59545235
48020243
27982471
73259762
18730559
30195913
7235496
37618015
57515263
80576343
45189532
60326432
35009104
66777996
19070391
50392098
22945188
36789291
87774472
79368612
19839113
26805301
53513584
91907634
72706339
22477480
21951578
50987549
56705055
41625003
39523328
9827678
8560558
84224784
69511153
38265910
65759157
64585555
98230530
4565594
61770454
4429485
74546600
18498089
90276789
92754029
28161593
22136921
95967877
68825625
81104678
3640454
59997633
58459761
67051168
44555719
61232669
49395613
10993623
79398428
2560664
4688661
97370422
89948463
16543098
90676387
89979789
45133575
79182398
93998021
886351
79070742
78197400
21473238
39153388
91717475
98034176
71119924
32478639
6296573
72712606
54622769
42741910
34091901
70864228
6302692
77321923
7883067
32966735
15263762
58806105
99274493
45491061
93526233
96062234
7647151
80062101
84563055
66201425
31675460
15735497
95035237
50326589
7021846
29400451
15731251
79963964
99108279
52476870
83177146
64340577
62468387
57163123
69388077
65563583
37479443
86564992
95719499
53517677
83237923
44127015
66504163
62646455
96241886
35612834
44378712
23903878
82753981
27571049
68427243
46331653
33879400
78057594
64571336
16170433
57482415
82717327
13734523
46456148
39830724
4104226
13825140
43127848
5110828
5497980
27166173
86648600
98405701
11240499
20691668
163617
12776809
36816105
33886142
38714468
64216606
27626195
64818694
69905971
62644957
54594250
92176723
87935125
91303543
70370347
15414347
66166784
99081382
86615832
3497913
56177388
39446377
17581898
54265388
83156450
15988527
29623141
53735992
10649852
36153378
49531259
34609018
14765801
88554224
61508869
39191477
20148172
57356989
90504504
27313867
61546496
25149287
78303693
15176828
79764263
84194248
97843053
22619494
16004412
19081968
9091772
38314325
78076402
55800002
66309452
81930076
84618794
98111538
43409295
48378549
60078886
57480715
24345609
5170572
45532237
80452642
10063704
32662759
82888244
39148640
38079888
88230177
17926591
48136218
94100739
32868205
63275533
80508337
1881483
61743716
76876849
65558667
93385224
88925159
70308835
95087284
6573673
59975533
66726640
17847312
51727178
47207267
42056676
67640707
58242508
1482552
40848326
16868743
37045598
49177607
68036384
4479256
5531926
38069462
43475579
66807250
83566997
69894409
17401989
12128110
61261738
41361004
97248999
5247091
35874915
38263095
12749010
36989115
47744669
55349478
11732489
15068031
26879104
75394883
29191016
14536478
77320126
83975476
16039734
29061613
79527500
38811225
47586326
20311353
93397859
64246305
18418074
69325484
24872644
8654693
85726995
61432821
36631638
79723087
53636306
81066394
2028253
89944265
1080842
20723089
73502116
61502846
75808645
81570135
26207638
23398869
27063523
91288677
62595496
13893157
79639752
97276995
14532131
13982773
21764019
11103499
9503099
73694560
80057164
83817476
62787107
21316216
14067376
38793154
73172585
84240735
54294017
43622860
97054155
45385128
19254306
8199859
11080173
37071499
19575037
4572929
64386124
56477796
88670281
2427421
63412232
17252508
70465741
80238503
79937536
77370172
14739012
37025762
39886261
81374939
48226203
2075561
19577439
7805566
72858814
82187758
54840747
77823535
5647827
34676156
77710241
17079511
49395745
25028916
68206387
72198672
620330
56850743
73692914
40413857
56060209
7355347
67183294
95565564
68212288
54212281
7950916
54530415
95505280
40299356
29494042
78377074
113447
89702105
44361832
91687706
65191445
24011640
7346692
1612490
51275925
39114992
87912789
46735487
61968363
88991606
92138830
85160053
1401165
20769744
85317062
24480557
71293362
61303617
98202214
61884248
5686206
43274278
23584256
97167640
61264012
77811713
51845091
17878712
72982145
44249566
82541884
4784968
1880217
44050299
84257326
21096015
56897575
65526144
83688541
89209175
45752726
89772496
44342011
48733348
61203014
7836349
11858072
56270756
47172611
89320546
29426928
79910251
17931673
33325171
4357273
43265854
12971892
1011389
55294563
36696773
90112120
17306307
19845099
11536004
96815363
23195495
88261385
45408635
46944837
91081271
3465153
89200054
35081413
8845975
35985442
6153994
53988475
74751068
3195189
61898787
40821356
44716275
99063547
53027933
54506572
71318694
42323412
39566220
22034010
36177190
439277
19216079
47084554
11147664
70198867
12028630
84716017
70174675
71541610
31252526
77287537
15787130
42407370
83977106
81823972
77342320
79376616
87620517
50718890
31643398
16514806
39772528
27347739
57900492
52776706
29756316
95207447
47705825
8934075
93741633
92299616
45898504
83685780
77632227
31132615
77830607
29706629
88667960
34512478
96782122
96812519
66382404
23160994
81800131
88566262
42665265
3212629
5566403
85002464
76429784
61433249
35790535
99535234
2651888
22586316
73918367
99209495
33739282
29126567
21755297
48389377
89293351
29864319
99891781
66857736
78426190
5189046
9319820
97192621
16161226
78750020
78789379
69322145
43292015
7026148
36263725
4670030
21774469
57215369
61318333
87668818
73066187
39137545
76992721
76813713
92856561
79707225
8984536
41501023
71278047
81162035
42602225
6226214
41874638
81940666
4228842
85079358
39460903
49384313
90997711
66787376
86683513
16265909
80724137
32972029
99134304
77269441
11219505
82434061
78233458
40203233
98093932
55762512
60168983
62149123
32895075
14226146
42930158
16247545
25908823
79961220
7001066
38030159
21898562
41993623
57417439
28061722
74245410
38855984
85885254
24536374
15840923
90583225
26912538
70894672
60620089
16646220
90562965
5211204
9781661
92050123
45857685
53502754
16124908
62125466
95851053
78775249
84142279
53083290
61727383
13883837
76054194
97536326
56117472
29664790
46646481
62479617
94320425
96864175
49864771
91928375
18334195
45350576
82245498
10575211
8469486
18095044
61641629
32315714
10787613
26932058
63646003
18794792
60342223
34155235
6889934
76914394
28553438
77169317
97555678
66807318
41205652
45874398
834312
6475357
15509435
21345745
85760566
82832719
92162028
55062662
84599753
52310498
83156094
49634176
93605563
46310466
10999001
68387416
89752744
17671026
63423207
2438608
37132191
2118814
32267101
42910416
67528893
28671964
29835504
95495344
85144098
26230364
36312040
26162604
26769726
28607140
32262603
78184284
98923448
11703489
71280248
2801131
29159916
64212753
76307759
34625733
46016711
49774704
61852464
81093921
50384599
26692084
50167380
23453669
76676156
67895171
80727154
41856929
20344068
20896530
74966203
96288378
29349971
35476424
54189737
67872001
74020087
58645955
13177164
49564255
20204784
14591556
9947936
83115850
94866572
12077102
48538754
87667908
26546108
65607348
49877319
52812178
34393629
31580004
73924824
47749878
71051043
62395625
65145701
98226813
73642703
18600846
70726553
10966698
63215367
41364180
99196131
90385246
18897702
86807765
50681839
57037577
9440731
55251179
88403632
87399891
4502770
8125778
89618579
5882398
11313235
54670784
79599728
14446058
68456448
79168381
50989804
78811072
18284993
16413658
94244787
32695806
6004012
46369460
57130947
34295501
30493043
53400902
90310752
4647921
12534803
49955382
4142058
88535273
10370442
37134267
60377560
49679424
81350815
74245011
60737081
67689675
88257901
31596416
11278334
44096060
70085487
34923848
13437097
46100097
494888
64596080
88132006
48705353
17485096
72052879
79151446
62580967
40644689
74056995
95306251
18892840
82174514
93223310
31241670
43670443
15867399
57535657
19505672
3090987
7342121
53817762
65148521
86071759
22260660
76914155
92081022
3109563
34767392
91768526
34546184
46656728
13648687
83623814
7161738
66252955
75792055
97045741
4433267
79290088
9213497
74707153
95801314
58970456
51691344
68097049
39232729
81191915
85253024
62768642
95708789
56802546
3532633
8902107
39148104
20781546
54173068
54050913
85140211
35184036
96034076
36308231
12954481
90411166
13463322
97359280
73038030
36323853
61705418
4180435
48226866
61359614
8919628
84026704
73429234
10054369
83786076
7496428
51834732
61850910
53911188
37405717
62778671
87027810
42144032
49634675
43006202
75050514
12728222
10503326
18769260
30228365
34540716
95093859
32953593
2522663
40198341
92164569
62038074
1640143
67038778
25312864
19764998
3702544
44645860
77205535
98853633
97404525
40132804
11812730
46794431
86522633
67029248
38615333
10579856
62387855
82596591
62093537
17834175
77146867
6295740
64138927
56241890
86272946
90280376
11447542
96616014
13728735
33661217
39589412
28486773
10511217
6442600
56347775
22576413
51845926
39953326
29011453
21763766
31402075
98757725
1208726
35058899
55003868
23236512
43581810
84910815
11879264
99802772
76186098
3429334
37413040
30644859
45583126
79687224
95281803
45991981
58875436
57897246
67569467
51884804
243696
12595027
89684779
57172177
21786897
62319190
70806519
94669140
81006565
99093695
30523888
827922
15046487
37672456
19779370
85987555
36649398
33647227
12823878
41278144
46056567
69200354
45494923
76144746
49408243
91359382
25362428
5747990
80552048
26074545
98100564
75145973
50552138
58959880
32097226
7432276
61461834
29083244
1123415
40854912
32259933
12904424
60835358
63393662
22366241
73710191
73026597
22841506
1559441
62653602
43220122
39782758
1982552
93622508
70445474
43674176
44658613
60331442
6517790
23220614
89414817
42133723
74214377
38794600
58642060
6582331
57637566
64045609
99245600
57036887
74853277
14053910
30668441
77868617
92706748
72939684
13986374
87341253
15505852
2278665
39420828
7688517
60901843
79214488
22577354
74358993
66844863
79975180
20069198
87467043
35402470
93887284
93731626
31953357
21073166
97043468
86674439
79284240
31262739
97515651
18061410
10345858
51378466
51199848
20401310
47717122
68333887
96326338
91129590
39168635
30226769
1954910
25361083
60713985
49160561
44930511
76640374
68289870
70200723
14919816
62392653
86882690
83548247
86005987
93314364
41602030
13856912
91731960
75972586
92317033
68644280
15018384
18790104
75917840
85967558
26673636
85013164
85858894
51824791
44762303
1875154
35682545
87409622
15683734
31838768
88297635
14610683
67335248
7543166
5479866
65141567
16908799
60650817
27139092
19017653
31339678
62708284
61942409
43580740
28191844
58133726
37241990
52005139
61358325
29319438
39713554
27865359
86975369
28554135
42188244
78261907
36270261
74716453
21976906
44557170
1191263
4288740
98188183
60227960
62326007
64914900
35781286
24823989
2659784
28478933
25683842
12338304
96821295
40700246
84457941
91852525
35745616
9513928
94271374
19420637
98939408
8271759
64050957
13522079
30840074
56885929
92745135
90598098
80868694
40441794
41141407
47891957
29450679
94359891
22496156
63230830
44273314
94362805
59127626
43834912
65276290
83687641
14623234
31335881
49325064
49464988
90300831
13778034
12476273
94221862
62968729
94795006
16547255
56865142
31057694
96175040
89279396
89972236
16918901
8488008
61519237
50347082
88216497
5100064
44784009
32752551
37452306
36506168
96989619
65478158
44408957
61155727
71581287
50787145
81315480
90964858
38693184
20185530
40779881
67658866
18678376
50932730
79697099
21422143
88218567
38020027
74068991
60765158
68877275
46700885
88373608
79712929
76163429
31337684
12381366
74244143
28315993
80287322
16698206
67279770
87993340
83531548
274825
17658523
47143512
7747991
47101452
65071758
74334170
87406893
93149055
82126283
83099146
72114288
64941260
53005956
83105030
49530384
20770743
45556040
36205837
3594127
58711744
26273487
7109354
77683478
23807554
89736445
49542783
36628291
99066479
33861446
33448652
95810211
19069589
23771252
83397276
26976603
87100370
13730296
35055360
61936919
5298667
2134849
9673098
60705543
74807523
80064566
22583630
59186229
61616867
68893656
2599181
93492117
26537128
94974274
24771743
34691471
93022800
84167016
53596087
57927445
75074664
67490037
2499403
481500
19163592
99865294
57359778
98371612
29926314
56305247
87107108
48048307
12745653
19137120
54171527
24825383
68791481
88057558
18146191
99932989
67071688
49375237
60704171
64178159
15082767
4167413
40087964
91840070
68327585
36722105
23682847
83607935
84293245
45626298
50778674
41298076
46824944
27770569
10224417
85081485
67197848
57976338
29572182
99265031
84229357
72750106
12491511
7836955
38975405
37110443
83508656
54708607
17976158
60280895
55313755
45698312
81736783
7791665
30658545
85314693
83657667
91240068
57584360
2064126
27587864
43154667
42671443
25882404
10117714
25992259
57549055
69960404
72835353
51919092
55268363
474104
6790033
43143712
27643955
6030287
5141421
54365681
17596538
54231624
66712401
49436493
91915775
34051751
94618423
11977004
89056705
56614531
64705822
94679316
92983322
1373727
66608498
71026321
10084852
53980241
64544539
97680653
56168991
75557628
27889628
59875726
90584179
8382392
576649
69531923
31517051
61729764
52938424
94551533
18053248
84761392
42976408
74916795
12248576
60174878
19991424
15088196
56396094
17557661
44191254
80106283
7908143
43210848
30406030
57102965
14340728
75898987
98347439
91418214
56180763
28373971
17757709
55652861
63389781
62525319
12100366
21505548
27072387
94085628
79113260
71988868
24903795
15523192
87374191
74207479
25432053
4104333
40150543
87893418
55279939
52129586
40337982
708498
35678943
22776896
99058383
27454525
5964313
29149916
66196038
10283939
85905627
11963453
91356422
36504938
14486446
4561508
61663694
67399228
95073187
76681560
35596594
67354406
47028010
97932252
51267898
24511825
44148274
60214925
15209627
28035569
35472576
62930177
77737092
16449440
51544963
23844644
38360868
15108239
60638583
38446338
37211594
89776304
52754124
14081246
42875164
94368085
32763124
94685975
33116585
36460566
52981299
53599743
22437437
18779641
17216390
35725956
128035
12732389
92025190
2597568
89998152
89074307
33208293
80872654
44404606
50052120
30622201
91880397
34078067
87912898
17910598
54638362
45042455
45919532
9565451
6368824
31053976
26231730
22385158
40430088
14752088
5155134
88584772
58003129
6998979
98839753
97227205
98373853
32150321
80749529
11109634
18755735
15973615
77965504
97545915
9112172
25299884
52608888
34146207
89112249
99375159
49925488
20612603
20203829
43966242
22040817
98723388
32681084
44543494
27580503
40722955
26447602
1444042
24224616
78658731
67957846
62620990
88980001
72059207
88032354
63173761
56535805
17358287
41012063
96288735
15524071
56900780
9051636
33760886
66236022
98404636
61768943
36001116
369472
52707685
36207139
82273673
97105577
65708632
92092425
98273626
34958002
5515377
30864254
25796214
28645055
92430890
60390244
63527076
41883359
25198353
73071658
95459986
20570997
69669728
21198923
42580143
72945536
23765169
43171623
15351244
11930897
34849353
88046840
8480241
72783312
14016556
75516601
23820833
89777351
14614748
97145824
97494610
27274324
63168506
67488876
46839793
48721719
219144
75147717
72199795
6478406
79572954
28979922
27835388
14449086
13846982
54700836
17592496
90783495
89697563
28178798
44194645
92399097
61074369
73021406
74771296
42927027
82468041
53533356
20991746
55928521
32061512
41229046
34881278
8062908
63114069
65980208
1930135
69393216
9800278
85331109
9935138
84848829
34386559
23591513
94394753
39019515
31535069
63452173
80279101
3442166
18777394
8377431
94518002
88822966
84415352
57792395
42809486
85406601
50088062
19068430
78726148
78968289
19429803
25734053
80397586
40841374
48532507
77937214
68320656
37624659
77186747
22356084
72253481
232350
52822097
16263523
87032937
40350915
92401174
53289352
70175392
26502612
95364885
32724375
15579169
90464810
35353717
42359808
12674226
22291960
94198670
21131104
64793210
28767733
22197648
73909884
38809218
58000065
61314205
71548294
45176931
93254961
14903871
74519824
88166472
58036279
21490542
36360362
51757223
59349499
24521065
64713973
30938682
69347838
84965688
58750796
4144519
22917670
84436814
79077642
63647129
16360918
3541248
35711141
29601147
92807824
20431656
65849505
16323722
41609922
44200969
33022796
78599421
25307574
35003527
66273075
97594433
29542341
88355067
60228598
71035411
21735
31169796
1475846
85317717
34200077
69544987
43444862
89033548
9245614
18938267
20421157
95150917
76884870
49599095
65883021
29369045
36791042
99399534
73588757
11973702
61557052
87773512
96061852
55941383
36445979
42731644
94123708
68161154
61317415
32159859
36695378
69484824
10940449
59190564
29898523
82559246
262678
7524167
7835716
13953308
68232711
15093497
60724780
60267654
32626758
7877900
93505106
8343895
19518105
14248521
47889838
4560653
77272411
69130286
34171189
311584
56329016
52536790
79355041
49817794
88779854
74111081
80239346
6575446
30049417
39559163
84947247
18028462
26080263
71305147
73675102
90669376
3280911
45479010
66543001
85262130
45215788
3735862
46067425
71627293
1082002
36382177
51642930
2797140
12984101
52252129
21013068
99357061
85960396
32265655
97603165
12757414
9806360
22259969
72843685
76406984
73916983
4435249
35466034
70836889
61755051
83877486
71685801
44562158
228213
49532652
9464109
78733613
6710165
28070408
62562561
2882186
5024575
86272587
95322458
91759946
13010247
26388471
62867814
76449138
78498734
50928172
96694713
10725201
35420003
26727967
43056432
44814041
96361879
23313462
79395085
37131021
67993347
38509232
39688537
44260797
17686356
47717974
45365449
66326056
43648427
53227525
13137237
12239638
7472039
76012233
81636867
60902075
62092463
63986259
54687523
88563979
12650411
37247201
99866550
97640584
13783488
35020844
60407204
4458668
25704433
22818445
56021139
20778789
70338392
94789268
81294939
11741557
22258645
92814046
71252321
19395519
19865224
49491309
49341224
8152700
9474111
14103668
77459601
92979822
47388237
95287123
80253492
65395787
31558925
11083385
97511460
56341976
85978099
77066932
41668038
77142203
96811453
73424485
62009310
83551732
74823937
25925091
4158882
86439643
829738
1917893
46395308
26857585
16729797
27575453
89390797
77708459
94772813
88224161
93979312
57592669
52321602
19543504
77613509
84849090
41197254
74524246
26357760
22427028
72325876
89105122
93821012
77025158
36398584
30514208
96176804
65551576
12619854
67754993
19121950
23248958
41547351
60516551
38718498
88391894
89889452
58638893
68738685
23170488
33104144
46396906
4638246
51451918
11005375
26857994
25669167
98321209
1801600
88411942
18931558
55520814
92473923
3594834
58140856
89796077
85827673
11211897
28536349
1994827
36881572
75439711
5675786
93281889
42951897
69045908
59525929
75503976
98452572
29703739
44782318
58943714
49447974
6191953
50324746
29828675
54297963
16459827
1499607
4577281
8747137
76917892
93321705
47902791
14308877
46315043
65217883
45815502
28822824
7063306
21895739
60570144
72472048
92422709
40915048
86678646
40575829
74063369
30270846
76712953
69167764
46462588
62231478
35336101
83402436
62210823
27860547
33340406
62429220
58951815
81462357
75837812
14848491
52935766
71332681
51592814
3170817
9419949
94426712
21727101
51091282
67958093
53379243
80344908
22827504
92864961
39596460
11227658
2434181
99059086
58737903
97125657
58444373
54257942
68635652
2495615
10382856
92503349
99533031
58149112
7846598
69561893
37592175
24260247
83338398
10729625
67823241
81594796
76868740
28229637
50697060
72043392
98930333
15328020
56544280
34139840
64299088
30930454
8579522
23142362
26960549
4792477
9909466
47280969
36539915
97564045
56878303
96483116
69341336
76482800
42840764
57234051
29250807
58274593
87853515
67493400
14730734
84137456
78210189
75740873
13232586
99545365
4746013
59251036
28065620
23126663
30350640
87061796
17158356
16117549
27947040
25574053
71215075
24756315
85120910
55825035
75913757
17590804
43596229
74453776
23251210
79357391
43142235
69732209
16786097
45784658
24397455
25636086
69405760
29554978
87261748
5691733
45448949
4393018
54507698
76226439
71235964
93218001
2891371
47726229
89432441
14516065
58074543
42109684
55411804
58679598
64261909
374902
49849621
80841467
60633953
71175052
61969912
69020008
91746459
37137575
21420471
23158447
89345191
81955982
45411443
30496333
76241529
66830087
55003710
99367850
2573976
84774624
54714920
68263436
97256080
75811474
43240350
19470744
76866182
32790567
7561123
77923530
60441205
30432808
74008409
17016984
36296025
87204210
44531409
37134434
43560145
72513348
33683601
76951524
83375064
91393891
34571949
2695523
56386236
70891502
52450640
91930851
65833482
58239988
76993992
61948260
71658319
15483731
95841356
51755359
81789153
1047428
5342510
60262025
78756949
6373134
43190847
17609948
33443200
25968648
57618522
8757974
30252666
90974058
67535013
13660147
1719750
22418771
15957335
96809886
37291767
99559102
80366120
53563999
32835254
85757064
75695714
62477291
24705492
91018941
66060664
50177906
34753163
87202265
89213571
68218706
94093934
95906639
81236974
87958809
5156902
75359664
73378424
87114031
7017225
81004528
10572036
1542685
58066019
20859742
89003869
51441203
16830146
75492160
77453796
60628948
94004471
29733922
32471354
23044006
3553526
87187849
69346081
74143750
87344791
8813453
67248633
76600621
35005766
29321089
45505265
726136
20692430
87708944
27487057
36146250
54677429
70394750
52613210
71870097
69003095
30014547
45777482
69111570
95679177
33924526
74011692
42788296
85962059
81657714
90845168
73286908
96546745
85710848
87352504
4385412
80411988
64374451
10108991
16861067
52188338
99115587
46108271
59371731
59189997
29313833
86915015
29695415
8222949
68752369
72125518
29137198
49742988
73603015
11162138
68156894
86837644
80775419
21964894
26189921
32045533
69525674
14436694
88699053
25077041
68099152
29514355
64114313
95454336
1936414
53276002
8947711
12891151
57149539
2798480
45199556
35652876
22754827
29291479
3577432
31229528
32334520
92249163
40132346
60482928
23530570
8072371
74899089
96977317
35627139
62307287
98459335
7711804
70750190
76971409
93420279
39379554
54810528
17744084
55154082
54326783
3218886
111792
13919705
67130291
86384448
6671462
11717204
76980859
15978771
6204023
40388384
15522067
53511741
15810245
5950225
37091326
35150889
83018404
11671961
25751395
5936518
3877981
70382915
12888098
9169358
6952705
2005699
65862401
44462135
90814407
98048350
67864406
58529981
51570374
27774823
12693071
22274603
84710326
87801008
42406412
54645798
92213620
70988685
24279435
99259478
68195249
36838397
27521858
45666463
48722379
93509527
3486881
18808503
26141684
49986773
25829750
7004599
90836054
87745663
9605069
2458615
22882171
75255795
78244647
49810454
90446347
54894880
91271103
58824549
5965806
32407
88276742
75608160
76377597
70573485
64987296
23935168
67923124
43975542
36432502
51555098
22406855
37238317
85545997
42095894
70317616
26682325
66739824
27334940
86785888
70669437
57964346
46172762
14083001
24672989
9043581
3388864
17347385
68603212
32472632
93949117
69013289
15450023
99758058
56212947
99419254
86426326
13601202
64118865
65999719
24033493
54580994
76541635
76591393
57165019
83244142
32024257
87094428
14678490
77138109
81386899
1445979
28324949
79599294
14295704
10216967
86652118
64862292
38706556
49192222
48533313
62806021
70106413
72077048
30403155
36494257
50470694
63972019
13429075
52324929
16216717
69535495
42077694
7908606
30596143
54583971
96751666
84467759
59002486
64923641
86861739
14770695
34213503
66826472
40067271
63576611
44985293
72167336
75507612
58217309
30773685
90431266
89296614
51608864
4709849
39234619
99342539
29540566
5146556
90437831
77246055
88485816
74497837
57789778
88718351
5909601
16088319
28369483
71329614
27690621
30175605
35406697
17425068
64951420
66709798
53340921
96140214
63669358
4618093
44763983
56206331
56018172
64394881
79392736
28893247
43527840
41832591
48071587
45647961
74743528
88266193
98926946
31616216
92703945
95536154
5892087
36248178
69911687
59519494
99698470
51853044
83643078
33323519
27919525
73726355
54284944
74633085
41498151
12741129
30473153
91631750
93748945
22090541
58626173
99688097
52840443
25701037
89969903
51123213
94501359
95807339
6767422
62123145
52565916
39685004
71264534
38879839
10099366
3388063
84995602
5591511
77167234
35064060
20405078
27286406
73388155
22670094
11325376
12444604
62204751
20544333
79375785
15289501
2096534
83136341
13748260
59599081
30650758
52308563
29213943
44633433
21452414
73824316
6279420
47300442
67190592
48913562
79833395
51250777
46276326
2040636
43965109
97644705
73375669
1151918
72646763
51874694
21894492
55752527
23124591
85249089
62703313
45546619
43450475
40001444
17567861
8057204
86519030
62088292
82827680
76211936
97872095
38160261
41376504
56364518
80593812
73042166
95809268
29752849
64761342
41663131
2415690
22221828
67735455
82580326
92500869
33295604
71854087
4545192
49791944
68707673
52508035
51929895
734011
68570966
43041706
16880816
28846164
66658641
31458806
11866667
3372931
68986480
46338805
85252249
10564645
83864330
1914250
7974442
59609131
95976567
34112
90965102
65949404
91869362
79695152
50997340
45395099
41922851
27878079
58907745
85327495
29121343
30207100
85881829
97340521
65928355
45799198
26191907
23629075
41060562
78002443
36877025
39058419
14005119
66380722
95469358
15449214
90904363
80452490
96627698
93390351
48425154
70396758
48858973
85759011
26819161
19433485
39948114
35794671
52006486
40418261
32389766
60299240
15164496
6375089
9068866
46949468
11624623
67643786
293313
38063349
28679953
75771160
66488970
55884289
4169960
20983756
87292253
91793558
14954335
43344545
79428272
63712342
90350846
43398665
64572487
2375786
80669913
98940955
26959025
28989039
36409366
75224267
93822441
9431843
40430133
64140939
45242428
76212168
5625597
88800051
28385884
33237634
82279242
63571285
97244027
85058388
9371681
1827298
85969083
24486941
27784810
56537131
2846435
31631079
47957933
41910206
67154683
63129024
68094239
36035645
90282270
1465270
34370051
45750959
8289865
81303709
74589588
85470921
44860014
37159838
90357105
58478761
17552035
12450776
61737026
20207220
24150824
79297264
30396295
54553981
32364259
50792027
58292673
31593279
65112454
13007104
80881990
70346913
46360860
41475487
48652484
78099845
14037044
1433166
23744476
19734698
4611201
22994740
43604420
77256159
65410128
28597394
41554196
89311135
75268617
22847587
28732185
6592098
35976904
90766126
38590822
33129886
57023780
88646479
12388221
47435444
51093049
75314411
85822071
58250095
64849327
46169820
92149787
86782831
92522035
33525548
43067342
79541433
74016043
66554166
94468308
72364180
39352217
83379698
32343164
8659928
90687901
92995053
28329080
26832504
30155375
71117829
81723061
39118368
3885246
49450315
585953
67510996
13424816
64782349
20190203
96470712
54954399
21985096
73683180
79827315
88331343
27012039
78986249
61600854
97097324
44142324
74030944
37675816
3051528
37152281
63409396
16252400
2708667
45064143
67199861
16004227
54830705
3715673
31709439
58300791
24931235
2866742
46917008
57450172
87186068
20871528
10864251
572682
78961424
27533747
87412080
85268674
85810956
48005085
58146044
61810887
70191428
65862930
2552983
80449794
44493696
37946142
57407501
18131137
32495913
88699546
66642892
57616270
13894711
90249774
29545158
56612292
44445278
41443296
1025745
94388301
6598840
47136240
52910903
56115800
67268172
16697848
83281524
21092772
129851
26865582
61329287
61436353
45927739
22629374
55686195
45403508
95104441
42699173
89963704
70429430
24996679
52080916
78729369
45394401
27679497
95841821
47851685
67169285
5564514
47229673
49452226
25916577
40341887
31912585
45548349
7304831
76239052
96197206
20941818
57729439
65235603
59057712
84631387
85374964
23353892
27463863
66702014
94487318
74937805
93910638
32628712
43344639
49125030
25111293
41288026
75034878
77660252
33697889
2976415
80327475
40244301
30058112
11998832
85255275
93710
29884795
67035977
62841297
28072985
6737801
46900643
96325922
87589084
7065195
56405053
42695558
37049979
34957509
862748
26932356
95535876
3578343
60076224
44048246
37093122
73306695
39445580
1388310
2731488
56339488
24525844
22388480
89631868
96217309
90052497
88270897
51363260
86029431
19533843
59036795
79324722
96032356
77672041
58456019
46778835
14542990
15791520
81246041
26633949
94425741
43020952
39021793
91426599
2138158
86912488
60257315
9998969
70849879
95478832
54039486
41577845
49625048
90235453
26772287
45410996
26127170
63899717
24980649
7515961
73103687
48679501
35510657
52659265
24176896
40998999
51271309
52910884
67156681
9022356
62711080
32041290
50335179
82538272
29988390
78664409
51493174
44028760
14875437
17049730
20237955
73092637
24110562
72851964
71899260
65461030
22357668
99190776
26535092
67860250
69538433
59348966
89179963
17016179
55177009
50422254
97876902
44121992
92520432
10446863
21487765
13491100
22993416
37087864
91589045
70984452
6902131
84148574
94073828
30516946
66538332
48537653
22488145
16512496
41568738
97444942
69958577
42997870
25867422
53833605
96409844
49757715
82467860
37302980
11973069
68806527
52368000
66448837
12214298
58683729
11460240
69581846
29680100
56694616
50984259
3939078
335121
28347980
100159
99962671
72194841
1610442
53443198
84905759
69568501
35699340
60921622
41558041
80464138
55261126
23599325
27687596
18982919
6084029
66034571
54258130
95341695
52315300
36122891
94615165
76090425
11899769
12668228
78237330
60010524
9064333
70124255
3675818
99472829
9447725
48397136
34577929
47493357
35608468
23563900
9410239
34480652
79589926
4343003
29361260
98410558
82894970
71531585
20053696
50717521
31816798
22482755
90266867
57605000
63411784
66859331
74394206
26535033
22860612
97061040
69329592
69979803
57925706
67270100
70894038
54590353
34490436
10509232
86090223
51465730
41440466
87511772
78146321
60987308
63128785
13476615
39070363
11078762
2321747
90034597
82118576
26938057
710528
30087103
19287478
20545319
18570383
60967463
6332728
79466736
35240864
83351799
54615758
93011769
96669754
97212564
57025725
68686189
11026475
32702564
77402611
15751304
54887589
31951142
64563886
90038261
37018312
45509568
62784398
76401599
51840496
21262484
52401934
6847029
54731874
82114038
19223470
19575813
6472301
91569633
4910915
81598139
40788903
39900300
53403953
66270630
44825679
4838979
58794056
17637128
23355275
37992702
43313376
77367857
91031943
68173319
43746209
23309903
48203658
41343860
59443729
62664162
60735488
30941054
69735886
97542573
87974528
42404356
49950018
78807670
61603227
60218360
92494603
41776068
69261506
76761028
99613312
36486915
83805101
60095975
15395010
47595847
58352526
76409724
1640899
8268377
60163121
57754317
37776929
74974768
19727883
75480336
24766165
19697131
68321633
43058351
8538131
79500687
92492158
53861335
81671324
21048766
71626225
82295353
37617004
42745480
66163139
47346205
52104994
11425620
265384
78099235
7656145
66480933
24563451
93635883
52607041
83612212
91101593
16169527
24859143
34275115
23708484
27312713
54892064
19580079
56181757
14661177
40539333
18763163
97082417
37596836
23359190
37476505
47698296
76525628
50874762
81277272
67452726
62652244
28381414
75897262
65210136
91429309
52865087
11780293
26462400
26389624
14900525
2943840
16826849
58842347
14808891
39925569
97291246
42095848
88389904
51209070
21570104
38801067
53403983
98076417
35739550
54410086
98432779
53989928
11628331
1461340
83536467
5905243
90582246
95642876
97255265
32506185
43494518
76678684
12724351
44761019
94558514
91109506
29359477
51086601
7726730
1808854
3708664
47091556
90096600
73597349
61597284
23350546
26738000
92188323
39277640
25431720
5630166
30708387
89225941
34328787
62115385
25935722
51503856
87744033
39643905
70805896
9667295
10773072
10954001
20640167
27337497
87503365
212246
41858639
5024116
11253770
79673029
64009251
51444193
68537224
49891813
68745650
38307525
1909443
26801642
85650667
80637102
28793951
6455089
9505029
30624695
97807271
88805506
14097541
14232725
31738553
49481306
40991099
97673390
47136671
92626583
26846983
68031897
16348298
93062682
19691430
88644079
83519758
18196575
40165112
35782598
55267528
91681507
7675240
46342627
30761927
25692838
85092581
13472991
653775
6513419
42319563
72410902
56840410
36256501
84169015
12753623
43018928
41600964
76192422
650701
64446235
27431510
96341460
9062112
65468707
47964554
91704198
53719205
30962186
21789944
85401822
52027459
56884395
20470494
40971307
98587663
87364895
93328103
93140168
44209941
30862807
58519011
33177069
75766100
33736226
51518360
57478351
32227467
58149693
39467341
58488429
62317395
17066758
96237846
47856434
54838541
58648936
68646900
63836519
21759073
27230576
34936940
69026908
99370132
84966095
35547161
54495804
82834029
85233793
31535091
56929784
1232619
57260295
43905957
32721853
44347072
78910574
39878673
79646931
69191297
53962359
89751885
37519518
49335479
3332127
60748115
78899893
92158312
87754022
18200456
66722630
39085610
88524135
33648299
65950030
33417055
50445427
52153813
81622079
62841571
50868022
2702427
7823680
67189257
7799825
19754798
63376992
51540406
52691408
49123992
42501548
49439209
40442445
53746371
3091645
84882133
36855050
86353349
955643
31568335
93091845
8458036
59375497
69246447
60269103
66387303
92882709
34937592
41799779
72021434
46085018
14996039
4513007
58013943
62040336
2194262
61446387
91131749
39591707
92163392
65952353
70772209
67820127
22649917
43381896
83270906
46682247
38064035
35942681
25466407
24799587
89338821
45039123
15741234
37454323
95649424
14826674
88936381
70911461
61929021
41627017
63300146
21011378
79299728
22958186
74735891
50570139
58175293
8914918
23290083
68633108
10219434
74777895
43059341
31010245
59541050
67530872
55199134
65086607
2912940
98995637
97797790
62101645
7852748
51091124
80005773
32326837
22171005
85577343
67502817
32871863
65949287
93041817
96034785
82442140
853312
25701344
82468706
21185694
10272651
42744911
2805652
21361785
61955909
66302590
17206574
39641440
23031481
23265448
60773590
33151484
24692042
11143075
30293471
63652758
75278357
92081536
6552480
67149412
39242496
83268001
88862617
77490328
83063502
75000229
38927346
82522420
27435152
20143896
96737261
19867844
72067712
12344637
42677516
24390599
34962304
11526496
43624585
38516343
76854562
69507208
18301256
12685547
48323252
42974122
54391430
40792730
97950652
54227823
73127702
17765181
33915781
85805502
2800968
96574334
38421590
40357970
86116028
72606510
17549304
78833125
1720874
24037160
9011117
81417330
51497530
67591992
53914891
66095175
20156506
57445852
90379131
18371839
43078799
51729930
29469618
67023573
95661373
60834910
277790
33891885
92365578
63583659
83994470
12876116
72122
63012962
70650206
71233575
68426355
15792110
56853004
54819007
12118248
1204269
959007
34744633
26645209
52136557
39646915
16972512
35715070
35812731
67420891
69549066
30749007
33531906
59008515
32963988
42402789
45043556
78369884
49102262
92249319
48079603
69607652
45684948
27531934
39347655
65662415
79828734
75264383
25785830
18459903
61580415
51780808
41135685
5918853
8679804
21595651
21708173
65346317
88803479
61730524
85843656
51166786
19097248
20923790
86587675
93811091
20819687
34073054
51345731
64880612
95103800
23926142
11201759
49794862
26339068
80316811
64916383
14279045
29772255
27662278
80730593
13469354
420643
3594931
655360
84630802
14191039
5088930
55582046
14776133
17140425
13600177
88447909
61875931
70329097
42379866
24060024
89405904
48195273
33089320
12655021
79851357
73781545
21282791
6870869
17104300
96761323
55921954
60183829
995121
61438625
69560873
66301456
33673556
30446628
93670937
37088305
56733520
65256931
95203924
92095847
39142343
20870569
69380276
80996488
40755438
54510578
61552996
93714043
377759
34170242
59711876
56197954
16752460
41530260
51198210
80142776
76750925
37375244
20041517
6260639
17117944
67589452
67310284
7312584
44293233
10563719
72748558
40220404
45653799
4621465
26866821
1289640
81410492
83164826
28725057
44218610
10711216
35381781
55666425
62095559
4375969
89576310
57364913
39897289
64975760
33449882
89265843
88394346
42593193
95317611
61483117
84258430
79719703
30307447
38827245
20337655
72386514
18992497
15044638
46030683
12224646
88617916
19712349
72195174
16782333
40124453
80363231
23947049
81156015
65880037
41505025
14235036
12216297
21170331
65038335
75863764
22866018
3361198
73587076
40830797
32014401
17066857
65077125
12973601
45995292
91675730
43842696
99338544
43691553
16000173
83070253
75939042
70173339
99206288
71562516
16450095
3569605
84662514
86260198
41548004
75437230
91729761
54235355
76220080
68790773
37324811
33571771
37233768
45073253
53117255
71551652
7685811
90221542
14043019
40326960
19135075
36096778
64596290
74881330
93873716
97400394
75158182
53322618
38154909
84627661
87818372
40658776
65488052
90448086
76989863
6548156
87753071
10983322
2462919
56981880
40327264
2524390
73652491
48208864
78770525
33876737
8403606
24734229
88982422
91698705
5029458
44911271
21349321
71039580
52633476
97850965
22633431
30681962
18676825
16475639
51285172
83470668
34176239
45742663
13847420
33030639
95328924
96155025
85001139
56303629
91198122
35137524
83223515
94247382
98977948
37928232
46257666
55427415
60967094
51001323
52758884
71782992
78313906
18799272
69105792
60429162
65293886
42562354
44712182
63698493
36460985
40923314
48015641
85049249
95112252
52571099
96789806
655609
5075328
12245683
40754228
69860620
34541864
39037917
22439970
19903776
42096350
17034849
30493332
17511246
88264645
43040116
4993872
43052863
34779160
20691507
75773523
53636604
1059164
89980167
1939830
3405824
50836467
20936461
48256520
26202269
68860473
4853309
59022446
54269282
62176171
73979131
68466327
74601185
38236319
28143740
56249839
7930365
94076893
81198457
51363652
64928439
61048286
15201223
60003089
10301397
82223086
66738880
59502929
62378886
37578907
15855556
79684146
2270905
93800878
94085866
86820957
51803868
85805945
45727950
77330578
79227941
48315851
36932427
73179011
92321394
60556394
47049730
74753406
897423
86350703
43206717
73774470
35659698
66346791
99125262
29829308
56255237
48144582
41127013
98249234
56213007
68612495
63269301
78867613
9556634
82126079
60661598
93374637
92205868
68149804
63066317
8942930
79579107
3827175
29951895
80461358
39506300
21915077
623255
53352691
43342158
56000559
82977178
72255177
49369934
66050684
20895516
96195844
30910298
96755384
4349188
41586297
52634714
55596814
54027409
54669164
22644127
11750411
47180483
86194129
79488498
3948427
60489881
51650367
92234586
31612258
72721702
1006737
66311273
44771276
55968541
19959804
7798348
66912816
64779482
54386156
27943800
61100011
69267483
20721729
88975590
2956098
80324977
66830793
48459112
68496473
66415311
426903
32214704
77287577
50728219
52922304
87169961
59153940
8086870
79650199
92903479
64899681
85617644
81718099
94792540
99175829
10579889
22259301
84520123
4050809
74060522
81811278
36531842
42590611
28278297
78733835
32102387
14799467
19475092
81224991
83974858
37130671
12746035
85476598
28087373
24038252
21153828
61895328
36631273
52290228
13212837
77548421
66357674
83452627
15378427
25012696
7490497
52923849
45463138
95317713
11179214
31417485
88877203
6030073
76094760
11826659
30267627
97399584
97162886
39178752
29795087
12672929
23360618
17281589
33913238
51724217
57415460
44998563
73525669
98004281
22907021
30639928
60686022
88354198
55275045
79190913
99819212
4445751
37352812
71108559
56215796
24477139
18644852
87197053
47802825
87365131
49762967
12929362
13320845
81768864
24621892
8197942
28829294
73966143
3945963
94580238
76638139
71099685
71686821
20846191
23921725
70341596
741109
46535646
34504036
78451455
65780769
16724013
5831842
64213911
62823495
54635187
60703273
98675376
11805254
89267814
54654337
28527549
60956633
75741624
81065157
64767449
52298395
5865969
74516672
8215201
51531468
91680503
3472210
1596152
90947382
28033317
75186548
2632065
37949965
66953910
96736753
65614422
48668532
62555554
58995663
82315214
94907165
62667759
25612423
31894661
45173007
98099732
93790565
19380491
16313300
99544329
42250984
54433002
38955590
58460568
23866596
69259704
47282590
65751939
93792466
18571
82604444
72396838
39387426
24291066
87124197
37154122
9474874
78817401
79941144
41924110
14697163
31777016
36849537
45069748
9251290
87950137
34268811
80265120
71171140
39114348
26500525
89782885
14349056
79673944
94538036
59444995
57636969
45613803
67661188
66447856
39795797
95576911
1283513
53031216
52524304
92508805
92588300
80675074
30510955
38679674
63633047
30974305
38706580
94124481
42987077
47962422
21512031
21681146
17888101
91639987
72543571
77276492
82394711
85211185
30244272
39939007
55825218
11992506
26284053
16413414
42744029
15210124
8178852
73130148
41453040
67274328
9465740
59720827
10541824
60530489
53363588
95247457
19115647
55585050
13725318
47657940
34571800
25838165
46404137
11695159
88738929
81823020
57044
40476849
88220805
19309592
31970259
35546016
80292403
8078303
92706652
95929021
65063664
57981292
23300119
53985678
5149207
2961919
19633468
41666784
41031855
46515378
68406027
96283964
12572381
940068
50201954
12506263
37469012
17357256
44949074
77993182
87551586
64306824
23650628
34847271
67063620
65819854
16777148
77908790
27976259
93608244
39585291
63135503
1362384
4691144
87519299
20181551
40875358
75379506
19258494
79392606
61153779
28224388
30508555
15440558
82558667
53327553
72180715
90741777
15860323
53594347
9687126
80661438
99033297
34505304
68348439
41105995
24786047
1565680
80690083
21183517
2159973
70661803
93348892
17969319
75644019
90195762
51467717
76117734
32783170
74041277
37517458
476117
56452881
15250409
53732146
99446148
63308301
26652864
34317864
10887025
88212934
97896608
41412357
66136766
59202795
59041555
95430149
81963650
19776553
66002803
56424717
88851675
78010638
14668194
66485508
39814676
71717421
22080253
91698022
42211402
42289725
79703877
13536358
86556148
69259440
83360447
18442237
20092579
5775138
78802867
573047
56912623
54762351
78548664
25043020
76830823
91997564
24954429
49298360
75975047
61007234
6989088
98014351
47041186
23763179
45136795
34077027
65619773
29324303
52075796
92313628
54298301
71327315
6822254
63974026
73899868
67472370
82292573
89428491
85309364
14987855
98357744
89014458
27954203
51387174
33577903
37113535
55643801
69162913
87672159
70166630
8243848
3459494
36157574
94450132
76734551
37549295
78015696
55027291
4178477
49114049
68797234
28049265
45911141
31519302
37458009
89020444
13077461
54687424
78469929
44611021
78920020
13957679
29633243
30555416
36224079
98689529
73818493
56566004
55194650
4276408
67354929
52836036
79592234
8161115
45580897
12573711
81465711
80339158
68210023
3599032
96349955
24621079
78887609
88336525
22719839
55108205
84436673
91944975
71894508
33466904
52794365
7139692
55988891
39028513
54017257
65631508
29184948
92218090
18973689
11926018
61789525
37093967
7937282
72031529
84157363
5734923
43549365
50012055
26651372
57517287
27603383
24854334
14248524
38542431
17261728
67364578
57804898
71899554
36695705
99071531
2716173
43760748
68159929
62196805
54295776
82561215
64228296
40221839
71982059
39966987
82001538
77510984
11903681
69019429
32905784
66983812
93947601
18337934
25275843
74299004
72701664
28415603
51293100
81344363
31243617
93951104
99503514
61801172
62266304
49577701
10030060
21548157
27627964
42308355
53294082
32427777
550180
54194941
34287432
37092155
26261509
59876279
94895987
10518617
46902297
99275716
327692
36564445
7836809
7555635
17199245
21974764
60744208
21813687
9723623
69181660
14358290
63317201
8578948
28962592
88325875
37630718
35268981
10005691
9645372
91873493
20573155
26686428
56456036
58964271
17886252
27944664
6711788
58565627
59693011
2226840
63847690
99767312
10509711
31895045
84614795
53249845
27265936
18795932
69885803
51777472
57875936
25731377
31319874
25049004
51396920
70360397
93408614
56185583
28400456
48996481
93346277
29723286
98670852
42458386
74345991
87561206
27099231
72994143
72169382
72030554
70868596
68571846
52987770
28437398
13891658
10728480
48078119
54766973
63961783
18551138
44709092
88487533
37323515
84703562
58013261
72220546
62810886
91140479
79700932
97594552
14947190
38885069
23371615
5527615
20880875
40713329
86308310
45985726
95436706
18273139
20155685
54680614
77105407
33717785
49435006
10794440
38051583
62489283
66436521
23559754
19521776
19280522
4043124
74856165
89917072
7430140
91811044
24601753
84739226
90084732
10860151
70737534
85098659
18728025
11571560
89421755
73188972
69931243
2453184
16992376
24189375
42311164
5072721
24796398
80827793
84218525
58909533
85127669
5591266
20124630
63031134
12221277
85652898
4013795
1614417
35009358
6891262
9576466
81926696
66841490
90780249
25952747
43844262
88614786
38445727
30906610
12768729
90692019
67319280
53469929
60696162
33149843
9479000
59184716
9379246
43885502
41250092
97531939
71612620
83335642
90560116
28595200
93138018
17281132
81907038
95763055
58201789
34338189
27797416
52288487
94175287
55204589
51769026
26917162
22059444
71446481
44418250
32842967
78281569
19296265
90029070
41222653
93178172
68671588
70433641
43299158
19866945
21885976
32364914
62640229
43398963
71284460
61903987
30970355
82506275
30810960
7515398
11984648
6037976
50125458
92137917
2906216
33258029
33530721
1025264
47511527
90872822
12120874
46404841
89307633
45244502
24578396
21544029
27457918
75997816
22171389
32407450
15566754
69421315
47406251
59916377
35014957
86659058
25917891
9614166
63013358
63909637
42074790
55921946
8300000
92266714
36842621
26271587
7325332
68788732
84682888
99241617
22607244
41817588
90275548
72063539
50252035
27099656
79927596
67096877
28388484
45754661
50620387
56240566
22100187
29805581
39300789
58662857
41168569
69984553
16057024
44323610
58411154
61912502
74622508
71854390
81901386
70285253
28821898
51381548
20908282
83821763
29529806
33762260
14325280
70319268
73380097
37425457
32644730
49030668
53745736
64954229
91138489
44721915
67969521
58185790
28148192
14571216
60482156
55980593
3853442
34182751
52676971
10215311
26188676
48273700
46825223
69981562
63601628
59648775
43180820
89692237
94189294
11247029
93465624
36580090
56014485
72192674
51344073
55018414
64433954
5082156
27374781
37166030
6659304
30437787
28771027
59010414
96472426
6498493
92184703
51584072
34871869
82206518
77587703
13428949
81848324
99712612
72875434
67733126
38410818
3718394
83683559
4031505
9075776
65106911
96362481
58385842
62361133
46348609
369608
30989618
26486383
75428863
26971459
10790483
2798831
37648128
97388677
26409176
74239884
49216858
96601674
57081718
17766423
85511132
5511914
63945734
97491684
34132832
98454379
87926922
82187527
83941347
43610527
17512835
46140587
76694994
26279122
69652951
60884436
96176129
46467349
83675986
73209663
8197957
73706185
95367226
23065920
18488180
58391474
85644388
7780156
97602278
53515040
73798960
47091045
20588434
28956434
92272824
659656
1046025
49235979
18645312
36348195
72522065
35231062
25914737
9035591
84233041
13913554
25831830
64362785
79465695
94276677
3822520
96489463
6637209
61051326
64679676
96760135
85797052
94444810
3504202
81740466
98287448
65562359
41325249
4020787
67601008
81353335
78014887
9317241
50617487
28377620
16831656
23729726
22329023
3587708
9755781
22107095
6941403
32764597
27499064
67584147
52291348
91463684
26062034
55439717
81845274
13171325
23299303
60332045
1376654
3793007
52082348
92413151
68060593
42586838
61225204
92325032
91194677
61150050
54487444
59895600
86687395
30966852
46516997
70253941
82060002
86893288
33671012
77521932
28969654
98658557
3921175
78879549
47529498
33394939
61359772
67321305
63900372
62139088
18380419
10075694
67735049
40063713
39792701
83945782
75440750
58250270
32037586
98355660
14877048
93903630
84406274
90878592
99269501
5947186
43942222
51164441
67924335
25586688
83868337
24740166
40626063
90882632
38877205
83696940
18222496
45099164
6288878
40568641
72521231
16800822
84168208
60987840
98814918
18854162
31256956
46389659
66562339
16719379
33606333
80202989
78791459
4144315
62392650
8954527
41358587
11557028
42401855
74460921
9832784
5543878
23517971
79106631
42980981
15178640
5753915
59381305
66600815
78349406
68687418
97315306
38370252
4945284
97795406
3568496
41594990
87739078
80168200
20485155
7202437
86060605
48311909
73378885
85534093
21689487
86439569
49931600
74333590
23355990
15536427
27679880
73013005
8874682
68127168
24227849
21036572
18308526
50659839
38747962
22886911
29972776
25622003
9316825
3992421
71644182
51730167
68779253
55129214
79473610
73843417
55634528
59349611
55402762
67514230
7417204
75730454
62800507
77051743
56982286
56410887
90145404
95876556
22107940
57267219
75292945
86497353
36333943
22169873
57740197
9927480
28977450
43331711
87777385
2969287
43189619
10223354
96196015
13193186
59605987
18333830
97148909
86169672
20637118
77616732
67222530
70487584
29617420
85440609
89689771
69400481
76242094
63689279
92646116
26228652
15057618
47648850
52659719
27180452
34113850
33511604
7441214
84811398
26778134
50268634
72730828
22660491
28673080
32835470
19833675
53716099
68992326
68735124
98629474
81041236
62487743
66843515
16961670
11834968
81241652
1082490
88508204
33541854
44057675
76887811
32836777
83248114
24478578
82487849
5000132
27793376
29083762
94834042
28984917
97384045
42035227
77139441
36115347
84010575
56155920
58780825
72059371
3486147
87779245
62050670
40854959
29739726
96552252
45646173
25552879
79501821
57065033
73913667
25149233
874593
29907740
11010295
78693205
80673424
39636073
38637913
80096020
19493595
34863293
26260355
87638579
90212854
88829641
50814355
42973319
68980436
78564229
50471292
27849156
31937733
30982485
30053165
3391941
93274797
98710168
7123899
50248968
28015754
53923488
16069335
34602346
97886770
81822422
7027130
50865965
2874443
29943058
86782576
73452676
91860797
40467105
16341021
66184506
50906819
59477382
71145093
29898419
81762763
85411554
1159251
73761164
82961261
82424738
83388843
80966508
7848846
84777372
26711457
51713873
80868544
94136221
13030649
15704021
98882106
68784116
98923279
9800237
86973505
49817917
66426377
91306996
9498101
33460140
20892951
67539220
39451459
70148036
55119240
26863587
9717090
2730493
87828584
91084495
41073755
11439116
40830790
78692816
64235383
12296890
58344936
78364674
44880166
68059324
48879933
681233
64055130
79294739
5662044
92162193
62778669
29531696
33632610
10177999
64876676
26919474
80989988
11148241
17720049
88059916
13638367
24704293
513856
29324734
68362466
39868454
30584891
10431510
12665939
51502276
6750333
99576122
79858360
13047865
1965275
6991152
42384612
6144273
3573019
69133850
15075910
84109425
99659013
3741947
20790359
31146389
55138810
12412585
38883382
65875096
79960106
96803498
55384839
51345958
34904607
48106637
72694434
12365072
75630568
16392700
20420194
82695840
24929668
77277923
17648374
31212188
98246006
39483815
82682971
24130174
28254141
26468663
51955887
48559288
71000769
4815603
78039661
98939879
21737679
59202073
64216314
41674134
46403966
49806110
89510688
26013471
94417776
5940278
22971802
76312625
73598201
46815070
49052614
9471325
81381623
77263942
15228997
92838846
81421967
12456104
65765206
29677153
91961997
28941943
67002616
52196820
81844735
15511248
64694640
3592482
73442663
78677519
9724287
10716491
3880113
56192934
15076106
63141588
96838654
46480706
97101037
52059212
29392596
64325291
66577602
99397095
90846309
2878961
25003628
46337757
65603346
8977009
9256761
99821977
94951326
6800129
59262096
87974792
77903543
87395846
54938989
61681484
93650614
45170394
10850686
95347574
79478000
86485444
99903431
80529866
49580627
17886796
16670877
37242782
40537198
96505560
41717068
61398699
68198246
6182287
23280354
89404157
36956315
61836809
75282493
33038844
62733043
98945535
25654205
81024284
72912202
17440539
87120534
86782078
31642907
28624153
41088336
34635046
32263347
71444678
37351557
54061579
12017792
76544425
18801884
20690052
56808409
76725215
24750636
61693025
1966886
51521545
19527841
91859984
83210693
90717564
18778086
47470098
78182339
81372180
88017774
26417555
60840842
94515428
63216671
28456040
45078009
24251542
49203560
43197917
76322482
31651157
11989312
33085414
80120933
85490722
32506363
38792261
49741270
4363894
14904019
60027579
40075188
89352065
74179400
19365102
6815685
16276126
43689054
70905126
12539014
30486298
83437502
84564755
41989669
92804561
85153957
27443072
99429177
37935490
49560252
28298318
96081248
74735776
55918154
76187410
82653031
36094072
6148091
91241071
61943784
24652516
13032615
41443894
1635745
64898938
35990869
89504331
99302225
48627537
56382203
65668082
84288735
89537456
81620495
13345628
94269390
71995459
74052921
38239342
77617592
6514974
43861860
90169381
16147718
39595256
62452411
54114335
82452264
94695771
68299228
70242670
38245063
20032319
74884474
28641035
77847124
79125819
96210195
42152250
85069346
13993580
70657872
73341423
76434465
38833778
12098826
89098833
10511528
7459427
38838678
22085887
11106023
74529573
5124869
67303219
7585324
21043122
78797377
98863964
85832319
38322499
19810048
72608477
44147104
46058629
53286895
72371954
55038602
56657661
44121559
25394533
77086103
46394074
17415053
19707698
7304936
178272
6057020
6705496
24596942
75212083
11036105
15701055
54673112
54391579
77180327
73705864
18163623
18486974
36455001
84267942
26401617
75958025
71631479
34014395
51652723
1329660
72979438
14517412
22321743
67630620
9987097
35499124
39466936
98123596
33669176
43241879
41401967
20177516
17381127
4612287
46106459
53222617
16117283
43832460
79113445
24999489
50997516
62515462
40373636
52364570
35205336
52025079
26258879
3950934
43993809
68115560
45186778
73843346
10481487
19278257
47677346
79329454
37113933
13027481
24639808
82311313
21790204
37273984
50134201
33802581
20787821
92583762
46412562
52899934
48268252
90128610
27543819
79977375
93141591
6708575
79815741
3341662
50902980
97786259
82628472
7282138
26047872
34395798
91205997
3373488
48282959
13748556
4584869
99562495
35430193
60971588
44966290
34832574
76402536
88173180
95088320
63133643
32475212
49633442
56280931
85955466
36353385
22955479
52004818
72099959
10105480
76250143
8759946
20755601
25980126
46038993
6468824
23242777
55369060
506722
935737
76170810
72041948
96366752
5833827
14196759
57834403
60969311
88988456
57512377
48653768
52519993
87141848
72248141
27612033
91332295
43333784
80908581
57128650
16515091
13418291
73373528
22929071
71187086
74897018
81746222
19763923
56918886
90695953
14482914
67061661
83125526
37415245
31573209
42201234
31864471
6719664
33042217
98787878
80345293
54049660
67830627
54008651
68271452
23723733
85414644
83409329
39013070
59647853
37437631
38261318
55338202
57191608
33483108
36715092
30174129
55364204
38306128
71148938
4664534
93531341
40166760
90371669
28806068
9312533
63089859
51152588
15128226
78435554
14687965
62645862
3836817
22124990
19721603
12549816
7867653
30867268
91083584
77619175
38293860
33221185
797674
809555
31809620
89581966
98448982
74189668
88436231
99693468
69783629
10122538
62837449
40607224
43810960
20344233
9741658
47989167
86958625
94824592
76062910
11458524
26309818
98325761
39559006
9010641
69877662
45009989
72313732
30464172
33402939
90607256
79307555
54490703
69993762
76444773
29682610
61278197
39952773
48973955
9331335
57485966
85346793
10488005
79059120
82575626
81807078
60400945
92440760
98543525
18741456
34843555
74711357
31299050
59733201
58002333
29652785
7634858
7078055
59404452
54513127
68025077
582765
71770375
35232137
49256660
20509310
32299463
34615266
58662252
63504999
9484800
39833261
89680604
90399553
78260573
23315420
58698319
77129985
6323308
36607821
4095719
89874399
57071437
81216385
6284907
34851280
56230492
28310062
80995737
52933323
85092682
36503698
56850409
31773244
64174208
13792906
67891156
54590001
70030218
68402791
74180086
75511612
16088317
12497218
3615802
61809510
85288585
43269552
12352673
43734760
95031209
14189325
54596913
23693725
38019602
73674550
61341966
81231994
7353701
90329804
80455241
24110253
88291379
25126785
7453707
52456554
54368033
86765356
56274096
6102934
31939707
90163752
68674989
62085684
84151828
82659264
99929341
73982854
99554477
84780627
23579740
82405003
73465608
89674241
23283179
81312364
76884065
86453093
54148350
69949337
9476805
68619860
60305033
26595202
8205454
72858316
8311481
49516105
81694976
75485837
61330395
32432902
74185135
54185636
74360480
94082723
61730256
62045740
35017423
6705947
12431348
24621711
36100418
92735810
18188039
38770046
43110664
26779047
74000501
76172501
80905909
71597694
81638713
94884322
44839889
55129200
90709484
62447298
21399403
13720654
52582040
94355116
20486833
48918497
65931707
65237222
29371217
62722266
85175937
39114962
52865450
92290510
55476886
70414298
22217086
81246260
91964002
72842517
37841959
31863723
56278839
88039780
83301748
89068036
66648166
1593821
54607030
48305288
88713285
77241686
6058993
36870441
66908645
41066276
64302306
88481926
61910365
88682246
17961581
73636291
86071275
75920581
71328101
42752112
84106506
61540159
5415570
5740613
64242584
78673650
44187845
43546341
46781712
36167959
46782372
83878684
97265000
10097674
27498263
5598056
4107003
34768302
92520094
4486205
50647222
47653413
81790816
92888692
91734088
80349914
56077572
75502919
42051172
40783585
78618299
1338848
44443149
38327140
14891594
42270835
62452517
22907486
46768952
78019780
17342467
52264606
52278693
34424901
51257678
88523015
90994361
80222805
70882000
87432239
18170452
64574920
26483118
67170481
1695881
73109335
53459511
45507772
40333776
50968053
29360551
62716215
85378788
35802183
16815342
36996986
75968765
82432823
30410615
6498758
91945699
51343451
65766639
8916482
59629966
21497868
68650533
75010793
84713686
99441006
77797124
90774538
99869331
59258632
82282129
10431278
72654159
99458273
80472220
39574192
78567773
8824739
99418116
51678485
46466302
43097083
17770957
78763938
63812115
52793109
22571857
34719855
51467479
44810405
27538721
68054149
77142722
11176596
27512022
43940880
4543444
86736240
14848475
75826567
57014012
21678642
84812955
5299582
29557361
6984659
89353575
72021322
95034801
66666501
75392343
5941909
11188707
6343981
51914902
80599956
8867568
30324150
24773029
56834366
62538374
29322041
85763658
43163880
53719021
4334687
94812926
43824067
84675706
68949972
5448985
20140555
16394779
41970725
6563682
85649893
56814130
55357151
41066780
63539126
61080697
26497724
97887834
62849942
88216634
24688940
65177345
92029778
10399863
62493255
15952020
66158752
29539310
42007653
18814201
90851950
66475076
71226227
32543411
85107822
34666500
76085849
53801561
52449193
95965937
78943169
17253912
26491918
78924703
1037824
96761250
37483707
72385901
97888518
56413751
96791791
94179295
36273414
56389577
85037966
60506063
73873794
72324930
59847133
84395169
59879319
19990803
3264770
46143256
13966251
84911658
52304255
91827903
12447813
18636967
32918019
62951884
59155785
6241355
59978261
83186472
30338747
94746908
48877018
7939304
57058243
18728527
10744184
33441214
70353988
38051020
47893155
67358592
81428978
15275183
49371843
10767859
15050535
52874854
78484140
98544741
5775350
93348093
72963499
25218449
33114933
55817084
44391465
10008276
96963361
97158644
65177456
13047112
10426438
41355432
98670201
55150186
13426678
93396045
79181640
9451341
17703543
98823542
66304803
83881450
12977398
39787975
56959729
8034926
56722944
43170868
19518337
2484809
12032039
89266679
93656089
51021580
32299592
89824663
6408509
78834776
2337598
34932178
12014244
50908791
45056601
87929150
2506566
35673149
42548795
87367399
62930345
20744004
82998880
79669073
49045815
89091403
43045228
35851563
662875
90560288
72596339
86548488
57500890
78010281
6070963
49402266
31907212
52383467
17381275
7315001
30218079
15865740
31499030
87916227
73220620
42846335
6628153
65982051
87853271
50441736
93710706
13582705
45189551
57226760
99425276
87750459
38215312
13638783
27940752
44498994
14398210
47268152
46047726
92106754
79698531
85519394
46699389
71831146
13596937
17186025
49745461
86015455
72263743
98153760
58994424
78997691
93684588
8798181
98754184
6510086
67173742
17725585
67487524
22971056
4754330
7193695
89557717
562517
65243844
46902800
86662674
62035267
43904428
50481636
1128480
88721326
10915438
20762629
18234171
75565665
23428930
23029195
83314327
15582982
55071944
44355140
89872207
62094026
56289153
11106789
298295
34060246
20407580
38953507
14853221
74012786
61925251
64771769
48810794
87613205
42068940
45837817
43097335
65558621
39169611
79758515
28202516
48869119
8315982
90704334
4871794
30543124
4339802
24172673
86575688
90265186
95702843
97835007
11274760
71071033
35477169
12156379
84731353
27933442
29111263
95170075
61326175
22796778
70099429
20145113
2253150
24906090
51778185
25635108
51609827
57173935
93200223
47309704
73209314
58267725
83389353
60127234
13590510
77533418
99577378
19894756
28293844
33246841
16013058
89619281
93838343
94450116
29128560
63146409
38052467
77653101
66941742
61759704
84391584
68804698
7945759
54505147
86959137
27423273
71970955
40452170
34448941
83879810
39078441
21394419
53884004
32634433
5522567
16153526
54455847
35174311
42302508
35911643
55941389
46985065
23520642
44352944
36061924
99408145
30000364
98262136
84340406
93831160
69772080
30452286
15553454
42734347
25448517
3544277
6535847
16972140
91767994
71976844
9947033
53220557
88014957
59516051
46360731
17132133
77696852
2162756
59630679
92466782
34992211
72998803
53284555
36388450
68130794
77222673
37223079
97503269
64830294
55743591
542256
44785771
73874242
51746078
9866332
64612848
97248074
1518649
4842581
29122802
21566288
15337146
18642549
48223799
97192793
52010053
18823452
92383771
10289664
4461526
70197703
11187859
11350694
56536744
26853273
87184393
35404380
34235174
93816305
21262877
15052210
85009901
7651261
64622987
63204928
5483929
72356549
68639126
29057450
34073518
3476684
51959284
70489080
21516541
65469149
58641275
82903848
6509219
79776138
42325341
59951349
9917895
26748233
26564169
35287749
68077923
9369905
85750020
73448719
52792264
44943456
9601340
47225119
42619402
79707793
94104718
16481242
3597734
27287506
74628
19925657
80306597
48226667
3042373
32166808
66905193
27866734
42632900
84540627
85781349
25223078
33443991
95740654
13462034
655396
201213
82318287
6311365
77938190
47297987
97186545
48322644
5833270
70391680
40999156
6006987
13614064
57047514
61280312
8496614
91090313
66013162
99903478
77524807
20478543
84166528
54746295
35307525
97667724
26445694
73313023
6175571
80968516
95447623
81632987
36048494
15408041
44029897
55278301
77682911
4949611
66177235
88643580
56498747
55146718
59983158
31957372
24980238
79786154
76676277
73276497
49116673
59429430
5894247
94148434
85928520
60601538
62644663
44037974
62243681
18457165
60876961
13042460
19009313
48122229
10778124
56415648
22533109
45692409
87339948
39004967
762125
31393512
39495417
50448412
38039747
39301168
58247414
97132334
53864487
78094552
88919827
16023634
57652291
62219865
17568347
1837722
68217318
65997417
65935994
54398050
75202703
27719377
35681544
47056886
77822878
40658225
77647994
82342342
32840104
65898014
68096460
43106602
11762129
69987546
95064980
54855827
60578944
32245280
59005151
55353526
69322967
17992908
88368184
22274650
65208962
72318002
52179857
93116876
37087370
98591461
97513145
46588326
71006407
61907937
92975051
71767872
46067988
14797832
37442188
18089279
25341771
53006188
25874909
78664136
51712869
44724150
50917887
38134396
71056703
95149494
20783396
61998559
45357726
64361622
38552768
43851604
19993476
47181913
30576582
12562500
82235754
25774125
38535244
70386332
17509255
31744723
58592110
22805683
94918571
86344905
80748082
39167751
4527011
17059000
69072528
29047815
83345986
70262467
66310204
32626109
80784679
3303633
88155918
11945976
84753818
75546394
24016812
35269728
76500148
53500200
56355218
82523951
69329028
52473855
14596496
40525752
55457167
58230447
31941150
10502796
6045412
96293482
96778382
95180824
38421214
34682175
43846705
41839454
43498837
5173927
170986
79226980
64505567
20635162
63537750
55659721
23837493
77713283
98471158
42388966
28464646
52782234
45461709
50013033
5677048
77708425
97112595
93951000
15933608
71682495
40185393
69968490
56175211
10886760
12458986
36855647
22526810
63336458
32045628
16123728
34531429
27398622
5444734
56572110
19450437
5969737
95965407
7397411
41054135
63466382
48123267
47389723
37585475
42436714
73956492
58346604
8554855
46905883
40679929
72513724
88823892
45224677
32472854
62906774
77151729
54176280
12147110
15668057
54133061
89764634
7743830
31430902
80893657
4344739
45148246
73480171
5578578
95233521
27950474
48758891
53981674
65158206
44002030
86962013
99711265
99720954
35596350
34823367
68610347
34322662
57869131
39232507
74459816
19155518
8534863
67557959
558730
7553704
74005394
61672513
81069968
2494938
95908880
35251581
53436365
85558592
13085565
64191775
86980048
33004337
3705467
95256819
97956167
39059883
91249975
20618126
65639736
51818818
24345754
52989499
3202416
26300288
11938131
57951048
25599922
34491376
92469763
51852800
65727013
70853680
97021504
52350699
11449043
45859067
26868601
11067419
91407399
48564216
95109003
91439892
51664758
22503112
85167226
7551116
26479879
80312751
43286349
48561169
62454215
9323016
69651217
27392790
11866326
99314498
36096719
18855429
72565437
53315407
84507376
14877186
75872605
57131006
47693735
86827637
89985631
25483874
15274727
52380255
93045533
42513008
22514954
26748565
27789706
85061330
7576744
17116501
2676822
10765333
73682261
19978547
94885407
77474199
25169051
46777975
58446533
20593716
32814498
71231540
12953622
21682846
85724826
59143121
39047071
84230962
46751992
3319483
27883011
68490414
65060728
80717134
41272362
69299577
73165713
12163938
5918453
28263187
55955612
23425728
30167194
89618853
2349390
46888284
59434014
84182987
94899741
53809795
68796501
24758516
14605298
34697829
27283
90044208
24817190
97484275
44784827
94469112
16412426
84889956
48075763
67724201
18020954
7162016
24401004
35405693
70631684
79223980
35818765
16532552
31753875
97891468
52799498
11477699
26274305
72060009
45299526
14979338
95406134
30193757
90765225
41364148
77848487
88064152
85402057
10842917
50166708
98776479
27740835
85638054
8581751
75352613
49368927
16464105
63906734
47377441
607085
81992826
62260263
35112634
77641099
38723303
57191800
84740061
19689148
25881764
54215539
3799354
31003311
33459556
48369351
33821200
68930619
44408500
86039588
53920108
51951719
38737019
78521207
40565668
89632744
93577754
74086560
96467184
18009054
2561620
64997992
35548041
77217919
34195437
19936639
34021838
38170504
61560934
44236024
38232455
9395101
96286410
48742943
1250205
6228580
86414729
93106508
28244887
73586430
42217726
16192408
96115891
6408305
60709926
80012495
55632926
63873211
46579680
63979367
46584121
83693867
97232719
81328100
32385697
86374520
38196118
95284373
3315540
11938905
58249990
30577923
27542099
5860466
48377320
60701404
18751812
53489977
72731264
59108736
46510392
76314605
40091372
53098618
13333967
34885223
3053753
92827684
72087221
76232143
87964966
29617433
3621733
85529749
21709573
29670259
14462937
48326564
86458997
62274431
75329219
40017729
91254540
94433985
43028935
74601498
18020001
72349385
16932019
97044864
61280774
69821303
12741401
23564961
43037250
94356745
77050844
29984011
58871094
42136284
81974221
39219427
6289801
48400297
14908874
61634261
4996462
53495398
11154245
502302
63707495
60981105
91588559
24602410
17760532
57596005
60871858
98191172
93083338
5974581
90830984
99466692
90506170
78414341
4563434
25176277
35798184
16777443
89681543
43105908
16182186
21558875
51894036
48383542
69721874
55193123
37090733
92493152
48705403
27209587
52077670
34587112
69443063
31060798
57528676
21390658
7747377
17380986
66249244
26394555
74370059
3541417
45155377
20596774
92719711
99293977
46624043
92413044
51135796
49714520
62328034
87320013
60820057
54063575
9415584
42798400
67946654
16447372
70198060
83184880
24711642
9958894
37891991
28196647
28160050
23431613
8887703
8524061
30045010
33471008
1415605
49057128
50162089
59966054
51570306
80427681
4580858
38891702
54252803
47779875
74615666
84254108
60940848
64264678
38754394
8833791
50648038
78304267
61679208
29824467
53092082
96247290
46815198
66344444
1901868
51124192
30097244
49778743
9080410
91455135
55284873
59277503
18246427
25278354
65599869
85276023
80399376
32437289
68106068
95788425
75161828
5946201
15501506
82932315
2777109
87148844
27823637
84823944
61711687
49505003
49460252
94527868
77263189
15524670
3649430
49635833
36117943
37101008
42133126
67753047
26804886
40453262
56852744
5399856
64893465
23167562
86224482
63305733
8804378
38216782
15693866
79010782
2618489
48875882
2252920
75080001
57175656
79935909
38361963
50732567
4515880
64612577
89082986
39540182
44764422
16247135
16460292
78690348
86146610
61798488
59980510
20676084
59666161
13282120
78521443
89422174
56099888
57009871
23951435
9405451
22038716
18908680
45095833
66856442
70868305
57512767
5283210
69085772
56998351
44843614
90098517
69184806
65648105
8951110
36337410
15147652
72494637
16581696
35787311
28535779
87687726
1420325
22648292
16705363
28952178
82041419
19200988
52500983
81917669
82820589
62892389
98893038
88241393
5505245
13648934
12509010
14238935
21809906
49734065
76454889
63292380
30476469
27094844
1734843
73560477
49568672
94551271
20796856
96799279
91578551
14851819
86019662
36580838
32150356
70672284
79335448
44466230
52701585
88734743
14788328
82384455
15095182
53276055
61814702
36480455
64543295
58860425
71982662
89421843
33496959
86940537
62488038
59790298
78018914
28921475
95726071
6377950
35056646
25139042
90325516
50205267
17398435
68896068
77950856
36990878
20665828
61856838
72525005
47377700
4800910
85338206
3980949
74546151
73524174
30229458
62897666
73153491
1931945
55995776
98788606
642132
54110555
73908482
45362225
77422755
70275162
64267227
39563953
9223050
74355427
57227877
86778362
8426069
26280927
67250518
18264996
91462157
24517051
62947942
92590781
39167276
47662554
12916904
37865000
24846693
9191517
69731445
83969945
94627682
64097792
13298194
38786374
11656503
12178675
87695191
33363966
76622064
67135226
5008752
95994227
57511768
13263808
35765141
67986005
4069934
41305627
95351158
16741481
70723172
2697662
42918634
50940990
59320297
8817044
88914464
49909689
68890064
10180886
76052237
10838816
62935333
76338209
16989122
25372551
67530605
53087466
47223760
59033490
12742977
97039841
41543901
2844864
26153305
73801154
95495403
67243089
71411856
84771517
51174001
45971343
86164196
18619832
87349252
8536063
59350624
23185320
22694565
64991342
80621520
50555105
8443501
41552696
16054223
75377452
66088049
74598542
65891772
92649550
3919540
86557876
9597227
74103088
44122694
68546503
6621904
70992308
44055051
72009972
8615935
68034010
93273042
63597226
46763600
3620429
21476375
18953748
72105874
23262365
45631834
90117928
49947840
31521697
74100294
50325479
69709311
55049194
18091249
67389928
28840260
81490500
45178202
51732470
10563291
10311626
13688640
64919646
91896614
79772190
20328731
25233154
71326246
54187206
28410843
21215827
28725548
80190025
33852290
6155584
33835549
78708389
30998236
22086731
26000129
52644699
77591042
78704453
65640100
12403885
67694050
94962038
48870836
39509459
20182249
28205268
3060358
88028870
74206832
6782295
60977130
43456414
66095985
21375995
73583114
56924746
55630589
61140896
53373657
80576653
26340270
39283520
71866260
22988374
60833841
64420949
2745783
76891135
4311439
44519758
46616235
54144076
37275429
39967647
42637812
87631503
49654582
15202379
57644002
63337846
84169343
33537339
26287295
48490519
35788544
20667371
39699047
67125375
53679674
70982002
50917743
67533466
23808820
11778607
38068014
30705189
78179953
91190741
70805027
74356182
3111923
18306976
58984107
79341302
77659084
13904401
63672471
36265307
88617252
47239097
85717406
98817798
84717338
7553108
21921219
12923029
11196472
1379318
87760951
25080773
86368571
88384763
34405611
53859395
53026873
76108547
70348026
46517970
72659866
7157247
21557022
34609627
22518535
73344388
71714117
7631276
192834
41418342
79339680
83906982
4249695
75693291
33473016
30584867
61534496
29546676
10581636
2869422
25979199
79835473
91118127
53703904
48815358
34439609
89998991
11995776
36508885
15233135
80648516
43888252
5102507
49219552
70671998
31641261
26058222
81933156
48936906
13609540
57114603
75928766
79264799
58528487
4850190
800925
50342979
42986332
14869760
38559813
42592385
45873391
21484755
72667452
45343568
25172078
48732714
94986494
92722302
59968798
61400126
30313123
85364040
45744391
56002561
64112458
49484507
14804462
6432656
72984195
50516348
38286098
9583746
5023296
46998754
82789951
3877449
18183103
76710970
44760794
73705417
17418648
22047521
64274576
88431321
7299918
88993332
33724311
27464387
40553498
53048776
73542900
55339105
85696799
48796374
55393802
51940601
36038760
66470541
30197294
72427712
15397065
70100808
20176176
54303742
94547397
92983084
1405997
37850946
37294825
19202609
74569710
53806573
6951267
13046962
79439205
47514253
67725020
14443382
90889716
75701665
41421771
64456012
21258268
827514
46052795
85417214
36478109
63270143
98948931
47291843
39584793
87874472
40989867
18120771
80718718
92885250
98848785
57005788
34014
62222844
77712254
60260645
84469537
87514879
63019186
61631178
18850243
27848206
56624749
57021045
54972633
3533828
43730231
49556161
50243729
23579476
17452554
37660186
35055844
83790546
56451608
60804664
48424507
53649548
2613867
61693221
23138060
76992898
90610745
80442963
1227022
56232194
79209840
69267105
58828285
94272861
23068995
26731600
61465938
21478128
76792334
23586805
21853612
74914601
85236240
56804126
77610355
97490197
43408970
9763014
9612269
84254276
98035078
56139923
44648724
38057512
70546669
5206546
41896786
59515277
57150773
75459686
7175916
73105396
55062790
76823305
40206899
14852114
69290101
38377767
74985640
70111217
51049910
56748567
22292525
39608598
9179622
51551265
54030299
61849137
78087586
90715308
15560091
92538922
63942197
30802425
32137407
39167582
24398435
30343724
31729157
2908017
91278374
73732311
79567812
75966231
61364876
10520435
53049026
63632233
14771265
80975866
33021538
62438946
42745874
12262719
42000130
23210436
59262625
43806699
19449010
6337476
36457091
62875804
17515969
6935126
76780395
54489914
72971930
52042509
52603212
47976052
90730135
86745714
27658726
45049759
86537271
2268293
94366988
83916987
67424437
44968461
57695400
53138934
76951891
65806391
39605982
98607524
26822722
89280642
69731059
14575780
476984
74517055
6347279
73036203
97324623
54935497
55642467
50496010
42844500
2722437
82918927
80761807
85311479
52169300
18829703
85102916
33878240
85769102
80621355
74482974
60013385
31315053
68299744
88344284
99876117
11347636
17610803
32563939
22794821
84727229
92137264
84701668
28846891
21630029
7443295
90977013
76090869
14052500
44759722
61117491
23563943
6181089
8275844
90652982
72554492
86709031
40484376
82849486
24216554
42225802
48907431
44477998
60060732
37796995
87905487
79305864
34789320
46740810
9253263
37278576
70717210
85184919
86510563
63303313
25252022
57859780
169966
66686588
31550486
47080212
11363792
98922139
46255022
60978238
8681802
85865260
39520592
74488386
10113510
71392219
72037038
46747576
4014120
72127987
18332231
29124533
85023040
96728776
70191981
91426742
67444499
73493851
8672911
56172147
11885377
49397994
44667620
87020446
68189107
28468856
40747749
37954108
95753121
28813517
83734722
24460874
16066752
93089789
97560759
81767507
31454364
83608058
99550929
79891712
43712762
97062435
5453382
93167375
50941658
43221344
4446239
21317083
70292155
59809683
53416620
55305715
8448189
97832022
37803541
48951197
1654759
27574327
50366788
45216413
3906682
23872322
32861584
256857
23816059
83541057
98065293
56047306
15356266
60368381
46568755
87889689
67099838
5361579
33678424
83823537
96255643
46764227
24697793
47149558
88415524
85229441
14987688
40056690
35556955
91371247
16183382
13700355
56704696
59993662
29340030
17826834
72774852
11546617
58904097
15566830
3405733
5932204
82477572
64545681
13732836
17132649
62650468
33500491
46601420
47862674
87745376
24085860
26675159
9435141
96882528
75900570
97373198
67677995
29688627
4723509
8574532
23863245
66614265
34290748
59345986
6082119
62586247
52406511
45379586
87733354
94839328
21394457
81583745
67499377
58858422
97725512
93999369
58809104
93791341
99090215
37138135
88896124
58753224
47654212
63405726
4633527
14179647
53959488
43914410
79263209
2376791
99482576
78877257
22468481
54514724
17727963
7509459
10001625
47895393
32498956
45168798
43020067
3154686
74800729
63487621
81758375
57525715
19956119
46712192
48026295
19233022
64629670
39497382
83454672
60030018
81670685
45301419
23290577
90548160
74872009
32423149
25901532
32285508
89693874
98493553
16315797
67221138
83505071
56290988
69322612
60549304
64876877
14575774
6323057
30625613
26351479
80148801
7829701
21064241
53346073
17920362
99114987
56271538
31108992
41987362
98692687
56796896
21729013
59428528
19705869
68463533
81807288
49998338
48820476
74217039
36211064
33718030
2232174
60281798
76230921
33370041
69901971
48885630
78808577
8548305
11003231
97994266
26957321
84389840
65900650
91948247
43362953
4169759
47599363
88082599
76794490
72728847
85245461
70664364
62365340
78005275
83424623
21619586
42065297
96426221
61928650
30505908
94677827
94188849
96846502
42270488
38475316
24788984
59963064
82539850
61340136
75355475
46532194
76102856
60121556
14820248
75568897
14191352
92234742
57753548
71564224
6574008
72123026
28147931
4940482
78702443
10420312
13030306
32677312
70573679
86657316
15357583
55345085
94163949
62706559
61178980
92148862
48155722
44879446
64362407
14010410
36605528
26960575
86619598
76137791
52769977
13202468
50914682
43581873
42451060
37990714
71429086
21424650
62142223
69935812
46587748
15834237
61355422
27038601
98342660
33928636
31171729
15820882
83946783
91995436
48416445
60888408
39881141
18510347
3689490
28718819
65528113
90945315
27243660
46375799
70285311
8879552
32973500
14267223
24149515
98505190
71309859
22020594
19757781
30917596
29610203
46842077
74173710
91661899
15158906
3268777
83171269
82031626
84978343
3810770
94920800
67478536
92449050
37788724
54146923
90618638
90554924
46871152
74423460
27048425
63534603
28148269
93251920
31078891
74833173
23657100
73422236
32361408
2851119
54451607
57221931
58403675
1904140
55796868
66555368
60222771
30366298
7826556
2551840
59109445
92647787
34236121
55728242
26206524
91248702
50268982
49065108
84280766
90212023
8479993
79368949
30049790
84127254
71476887
11828586
68712657
54834390
12370956
93669606
16366665
69788496
29605277
41229249
14158501
91471264
89702359
15929342
65479235
86592771
62497617
78331700
67307470
55899832
11173378
41077004
75099231
48679607
26268982
12763644
67056794
3837327
75570783
12453379
90211296
50024757
96231879
66046913
78591803
23835528
5341441
93807167
52421882
2055671
55105793
70349314
31835778
5813642
41569760
36163035
95529012
88267262
83153937
90969507
22735839
44574967
18738220
6114168
35478296
28837224
66713172
89765310
57541589
99828466
81768682
10804398
33668138
38529715
20624344
31086900
92237715
4206607
11136077
61246595
31229623
55184641
96342223
11151599
18729894
28489376
10331413
17178884
51034252
69652240
10004270
84412014
31878088
56263372
23211751
73302199
24803432
11472430
9225552
83467528
67326108
96669163
64765989
76094859
33277756
52227642
90247093
70296150
29680112
45782009
97041497
45531997
72228787
13631911
87049106
62488290
63269497
65454036
75979169
71806766
10388371
9997370
61561053
8446235
25325221
96984562
89880097
22400490
95256587
66788178
10956812
61530315
79352208
841084
28107671
75344284
3026569
3013248
88930371
18172577
36170637
14411223
43152689
58710914
78558155
58565714
3271684
14292824
94514337
47095292
92145587
13383105
94282496
73050135
61526517
45892076
25906153
11026541
70048445
49700510
4745055
16846330
86794917
24565622
76044133
53072456
26046606
84753399
40291892
49749566
39658844
94466549
82339281
53706096
72464343
85724623
65515747
32192523
81304180
78611434
85631653
55238987
4210922
34173768
58929927
57498785
51352106
44461879
14792299
82470506
67399586
39791494
75147900
24493227
93518721
81490301
91923374
15487296
44242689
299338
26632424
40890024
98670351
66799738
64462342
82304577
6268122
67144282
26300420
79270047
37047726
7579061
48362531
46503708
24235011
63936938
45940705
17784509
37501281
45497467
53132631
20703963
21798669
3118426
92605918
19290631
47686730
50007092
43252670
70672325
24665218
13052508
23632778
14245443
22755417
61490374
14802887
85523083
28504680
18190945
36336835
67707997
94922737
24080849
88863232
95128502
90090693
69428459
61891099
54453697
80136315
77532427
85417490
11571485
78811677
5872946
12658628
7513902
42565055
19710542
13440211
43300277
31472107
45324845
23914245
23446757
73265890
67574491
7540980
35568812
10444809
81213891
87598357
72705727
32884725
38131070
73998730
10781908
89666109
15267684
88824855
51270276
67864531
11385705
37604354
8579421
21305334
5167755
43068581
69078011
70580424
58321227
9523589
41742132
83751750
87397596
59393599
73726229
49982696
94108073
8401069
72457299
44549501
97739829
95622817
37596471
36229018
81955493
87168334
31179204
46118358
40650489
90415566
46742616
8539454
57796393
61137891
18889480
71045899
23630765
82753890
15628982
59385500
4120811
28835967
88237567
39956703
99513911
90137285
27196838
10426427
42989266
42769989
1660422
62054337
15672022
91612421
31845039
79455451
47529922
16289107
99257840
56911270
64920550
73644596
78549098
75020005
54722802
18949738
90277373
19413814
29937444
75478915
41248454
24461417
6573050
71161229
10542188
13271691
31527552
67519041
73774454
4749253
48454056
26955957
63211436
90510596
7821548
48376605
74032027
68971368
34491663
2804566
50405600
14777209
48493460
72041289
36567230
84833201
37034255
68684008
56580694
67089587
87527758
38542763
41434495
32096476
49701881
34539593
75844763
20394924
7743797
52228898
61525752
99899101
84590044
56972209
43399547
82578411
41053394
